0, 0, Header, 1, 2, 200
1, 0, Start_track
1, 0, Title_t, "GO!"
1, 0, Time_signature, 4, 2, 24, 8
1, 0, Key_signature, 0, "major"
1, 0, Tempo, 350000
1, 0, End_track
2, 0, Start_track
2, 761.0, Note_on_c, 0, 104.0, 80
2, 841.0, Note_on_c, 0, 104.0, 0
2, 2650.0, Note_on_c, 0, 112.0, 80
2, 2730.0, Note_on_c, 0, 112.0, 0
2, 3084.0, Note_on_c, 0, 63.0, 80
2, 3164.0, Note_on_c, 0, 63.0, 0
2, 6241.0, Note_on_c, 0, 21.0, 80
2, 6321.0, Note_on_c, 0, 21.0, 0
2, 9502.0, Note_on_c, 0, 16.0, 80
2, 9582.0, Note_on_c, 0, 16.0, 0
2, 10465.0, Note_on_c, 0, 35.0, 80
2, 10545.0, Note_on_c, 0, 35.0, 0
2, 13464.0, Note_on_c, 0, 76.0, 80
2, 13544.0, Note_on_c, 0, 76.0, 0
2, 15089.0, Note_on_c, 0, 16.0, 80
2, 15169.0, Note_on_c, 0, 16.0, 0
2, 15182.0, Note_on_c, 0, 107.0, 80
2, 15262.0, Note_on_c, 0, 107.0, 0
2, 17527.0, Note_on_c, 0, 17.0, 80
2, 17607.0, Note_on_c, 0, 17.0, 0
2, 18721.0, Note_on_c, 0, 112.0, 80
2, 18801.0, Note_on_c, 0, 112.0, 0
2, 20790.0, Note_on_c, 0, 35.0, 80
2, 20870.0, Note_on_c, 0, 35.0, 0
2, 23202.0, Note_on_c, 0, 78.0, 80
2, 23282.0, Note_on_c, 0, 78.0, 0
2, 25437.0, Note_on_c, 0, 97.0, 80
2, 25517.0, Note_on_c, 0, 97.0, 0
2, 25903.0, Note_on_c, 0, 80.0, 80
2, 25983.0, Note_on_c, 0, 80.0, 0
2, 26083.0, End_track
0, 0, End_of_file